1.6706ms    499500       749750      1499500     499500     249361
4.666ms     1999000      2999500     5999000     1999000    991771
11.229ms    4498500      6749250     13498500    4498500    2197013
18.8724ms   7998000      11999000    23998000    7998000    3970151
29.6869ms   12497500     18748750    37497500    12497500   6225156
45.6146ms   17997000     26998500    53997000    17997000   9000595
56.2951ms   24496500     36748250    73496500    24496500   12252493
86.1322ms   31996000     47998000    95996000    31996000   16043647
106.58ms    40495500     60747750    121495500   40495500   20291571
146.3218ms  49995000     74997500    149995000   49995000   24905884
177.0736ms  60494500     90747250    181494500   60494500   30211023
197.8793ms  71994000     107997000   215994000   71994000   35897114
264.9636ms  84493500     126746750   253493500   84493500   42504277
344.8506ms  97993000     146996500   293993000   97993000   49472852
328.5167ms  112492500    168746250   337492500   112492500  56750916
416.398ms   127992000    191996000   383992000   127992000  64474837
451.9459ms  144491500    216745750   433491500   144491500  72864708
548.6599ms  161991000    242995500   485991000   161991000  81420801
584.1663ms  180490500    270745250   541490500   180490500  90760598
711.2841ms  199990000    299995000   599990000   199990000  100558210
737.3558ms  220489500    330744750   661489500   220489500  110873293
782.3825ms  241989000    362994500   725989000   241989000  121287940
912.4301ms  264488500    396744250   793488500   264488500  132222576
1.005857s   287988000    431994000   863988000   287988000  144185247
1.2352031s  312487500    468743750   937487500   312487500  156365732
1.2159792s  337987000    506993500   1013987000  337987000  168949731
1.2492517s  364486500    546743250   1093486500  364486500  182599177
1.3585792s  391986000    587993000   1175986000  391986000  196213533
1.4572062s  420485500    630742750   1261485500  420485500  210487570
1.5462551s  449985000    674992500   1349985000  449985000  224993141
1.7082418s  480484500    720742250   1441484500  480484500  240028711
1.7697165s  511984000    767992000   1535984000  511984000  256181311
1.9259723s  544483500    816741750   1633483500  544483500  272350642
2.1241532s  577983000    866991500   1733983000  577983000  289355441
2.2663068s  612482500    918741250   1837482500  612482500  306831822
2.3397069s  647982000    971991000   1943982000  647982000  324457223
2.5290422s  684481500    1026740750  2053481500  684481500  342301484
2.7465142s  721981000    1082990500  2165981000  721981000  361386570
2.9370446s  760480500    1140740250  2281480500  760480500  380804839
4.2095911s  799980000    1199990000  2399980000  799980000  400778854
4.661206s   840479500    1260739750  2521479500  840479500  420473852
3.4653197s  881979000    1322989500  2645979000  881979000  441846180
6.1073857s  924478500    1386739250  2773478500  924478500  463002787
4.1485897s  967978000    1451989000  2903978000  967978000  484546645
4.1464963s  1012477500   1518738750  3037477500  1012477500 506662744
5.104226s   1057977000   1586988500  3173977000  1057977000 529211729
4.3685694s  1104476500   1656738250  3313476500  1104476500 551813211
4.6335432s  1151976000   1727988000  3455976000  1151976000 575317752
5.5772933s  1200475500   1800737750  3601475500  1200475500 599638008
5.0882868s  1249975000   1874987500  3749975000  1249975000 624289428
5.1432684s  1300474500   1950737250  3901474500  1300474500 650071734
5.3069397s  1351974000   2027987000  4055974000  1351974000 675675014
5.379113s   1404473500   2106736750  4213473500  1404473500 701802020
5.6337137s  1457973000   2186986500  4373973000  1457973000 729158168
6.1267589s  1512472500   2268736250  4537472500  1512472500 756306494
6.3316838s  1567972000   2351986000  4703972000  1567972000 783462198
7.6003375s  1624471500   2436735750  4873471500  1624471500 811341861
6.9986529s  1681971000   2522985500  5045971000  1681971000 840534568
7.1879235s  1740470500   2610735250  5221470500  1740470500 868745666
7.321123s   1799970000   2699985000  5399970000  1799970000 898431129
6.9579603s  1860469500   2790734750  5581469500  1860469500 929060394
7.6433302s  1921969000   2882984500  5765969000  1921969000 959368829
7.6496086s  1984468500   2976734250  5953468500  1984468500 991700659
7.9098576s  2047968000   3071984000  6143968000  2047968000 1021813197
8.3918948s  2112467500   3168733750  6337467500  2112467500 1054329334
10.6030807s 2177967000   3266983500  6533967000  2177967000 1086986726
8.9656625s  2244466500   3366733250  6733466500  2244466500 1120072760
10.1967715s 2311966000   3467983000  6935966000  2311966000 1154591431
9.3484981s  2380465500   3570732750  7141465500  2380465500 1188854334
9.7441121s  2449965000   3674982500  7349965000  2449965000 1223601858
10.2797038s 2520464500   3780732250  7561464500  2520464500 1259251093
12.5161203s 2591964000   3887982000  7775964000  2591964000 1295658285
11.432645s  2664463500   3996731750  7993463500  2664463500 1330417968
13.3383855s 2737963000   4106981500  8213963000  2737963000 1367942365
12.1017155s 2812462500   4218731250  8437462500  2812462500 1404495287
13.4223505s 2887962000   4331981000  8663962000  2887962000 1442187087
11.977444s  2964461500   4446730750  8893461500  2964461500 1481024126
12.5674508s 3041961000   4562980500  9125961000  3041961000 1521306382
12.7093139s 3120460500   4680730250  9361460500  3120460500 1560541286
12.7937184s 3199960000   4799980000  9599960000  3199960000 1599509593
13.3335489s 3280459500   4920729750  9841459500  3280459500 1640443978
13.4826306s 3361959000   5042979500  10085959000 3361959000 1680203437
14.3545136s 3444458500   5166729250  10333458500 3444458500 1721653344
14.4910628s 3527958000   5291979000  10583958000 3527958000 1763499492
14.7337381s 3612457500   5418728750  10837457500 3612457500 1804805070
14.8292139s 3697957000   5546978500  11093957000 3697957000 1846880094
15.4274468s 3784456500   5676728250  11353456500 3784456500 1890325342
15.933745s  3871956000   5807978000  11615956000 3871956000 1933269992
16.1453406s 3960455500   5940727750  11881455500 3960455500 1977971855
16.1488971s 4049955000   6074977500  12149955000 4049955000 2021930305
16.4966828s 4140454500   6210727250  12421454500 4140454500 2068313536
16.9712436s 4231954000   6347977000  12695954000 4231954000 2114733624
17.6075459s 4324453500   6486726750  12973453500 4324453500 2160658865
19.0316529s 4417953000   6626976500  13253953000 4417953000 2208752157
17.9666383s 4512452500   6768726250  13537452500 4512452500 2254648528
18.4812736s 4607952000   6911976000  13823952000 4607952000 2301719843
18.3330141s 4704451500   7056725750  14113451500 4704451500 2350282615
18.9472703s 4801951000   7202975500  14405951000 4801951000 2399456147
19.4993818s 4900450500   7350725250  14701450500 4900450500 2449781218
19.9667317s 4999950000   7499975000  14999950000 4999950000 2498131957
