2.6224ms        1999000         2999500         5999000         499500      249363
8.5136ms        7998000         11999000        23998000        1999000     991778
21.9078ms       17997000        26998500        53997000        4498500     2197033
34.9339ms       31996000        47998000        95996000        7998000     3970189
55.4609ms       49995000        74997500        149995000       12497500    6225210
85.5707ms       71994000        107997000       215994000       17997000    9000675
116.0562ms      97993000        146996500       293993000       24496500    12252603
165.6528ms      127992000       191996000       383992000       31996000    16043789
205.7614ms      161991000       242995500       485991000       40495500    20291747
283.7222ms      199990000       299995000       599990000       49995000    24906107
327.0345ms      241989000       362994500       725989000       60494500    30211293
398.0255ms      287988000       431994000       863988000       71994000    35897442
464.8619ms      337987000       506993500       1013987000      84493500    42504676
537.9889ms      391986000       587993000       1175986000      97993000    49473330
736.3447ms      449985000       674992500       1349985000      112492500   56751478
717.135ms       511984000       767992000       1535984000      127992000   64475466
835.4693ms       577983000      866991500       1733983000      144491500   72865418
929.1777ms       647982000      971991000       1943982000      161991000   81421593
1.0372902s      721981000       1082990500      2165981000      180490500   90761494
1.7019282s      799980000       1199990000      2399980000      199990000   100559188
1.2814565s      881979000       1322989500      2645979000      220489500   110874358
1.4913084s      967978000       1451989000      2903978000      241989000   121289119
1.5436133s      1057977000      1586988500      3173977000      264488500   132223859
1.704925s       1151976000      1727988000      3455976000      287988000   144186647
1.8635533s      1249975000      1874987500      3749975000      312487500   156367252
1.9570073s      1351974000      2027987000      4055974000      337987000   168951342
2.3964997s      1457973000      2186986500      4373973000      364486500   182600921
2.3511902s      1567972000      2351986000      4703972000      391986000   196215409
2.542539s        1681971000     2522985500      5045971000      420485500   210489582
2.7101423s       1799970000     2699985000      5399970000      449985000   224995283
2.9246424s       1921969000     2882984500      5765969000      480484500   240031006
3.1307574s       2047968000     3071984000      6143968000      511984000   256183777
3.3142739s       2177967000     3266983500      6533967000      544483500   272353284
3.5356473s       2311966000     3467983000      6935966000      577983000   289358238
3.9459157s       2449965000     3674982500      7349965000      612482500   306834786
4.1824247s       2591964000     3887982000      7775964000      647982000   324460359
4.2399815s       2737963000     4106981500      8213963000      684481500   342304796
4.5530668s       2887962000     4331981000      8663962000      721981000   361390052
4.731805s        3041961000     4562980500      9125961000      760480500   380808532
5.497409s        3199960000     4799980000      9599960000      799980000   400782731
5.3384188s       3361959000     5042979500      10085959000     840479500   420477937
5.6266475s       3527958000     5291979000      10583958000     881979000   441850475
5.9359604s       3697957000     5546978500      11093957000     924478500   463007302
6.3947372s      3871956000      5807978000      11615956000     967978000   484551382
6.3795167s      4049955000      6074977500      12149955000     1012477500  506667706
6.8773356s      4231954000      6347977000      12695954000     1057977000  529216910
7.18493s        4417953000      6626976500      13253953000     1104476500  551818605
7.6102746s      4607952000      6911976000      13823952000     1151976000  575323389
7.8773782s      4801951000      7202975500      14405951000     1200475500  599643869
8.1834751s      4999950000      7499975000      14999950000     1249975000  624295565
8.8515917s       5201949000     7802974500      15605949000     1300474500  650078103
8.909889s       5407948000      8111974000      16223948000     1351974000  675681643
9.5392805s      5617947000      8426973500      16853947000     1404473500  701808903
11.6437145s      5831946000     8747973000      17495946000     1457973000  729165306
14.6077483s      6049945000     9074972500      18149945000     1512472500  756313881
11.8892144s      6271944000     9407972000      18815944000     1567972000  783469878
11.9470948s      6497943000     9746971500      19493943000     1624471500  811349800
17.0313389s      6727942000     10091971000     20183942000     1681971000  840542810
11.8654621s      6961941000     10442970500     20885941000     1740470500  868754229
13.3575325s      7199940000     10799970000     21599940000     1799970000  898439973
13.0428915s      7441939000     11162969500     22325939000     1860469500  929069525
13.4361159s      7687938000     11531969000     23063938000     1921969000  959378271
13.6376471s      7937937000     11906968500     23813937000     1984468500  991710420
13.9307626s      8191936000     12287968000     24575936000     2047968000  1021823286
14.6731965s      8449935000     12674967500     25349935000     2112467500  1054339757
15.0435574s      8711934000     13067967000     26135934000     2177967000  1086997488
15.7099823s      8977933000     13466966500     26933933000     2244466500  1120083839
16.0867755s      9247932000     13871966000     27743932000     2311966000  1154602844
16.6873436s      9521931000     14282965500     28565931000     2380465500  1188866111
17.3040542s      9799930000     14699965000     29399930000     2449965000  1223613977
17.7407647s      10081929000    15122964500     30245929000     2520464500  1259263556
18.5751928s      10367928000    15551964000     31103928000     2591964000  1295671097
18.7812332s      10657927000    15986963500     31973927000     2664463500  1330431147
19.793164s      10951926000     16427963000     32855926000     2737963000  1367955910
20.4583229s      11249925000    16874962500     33749925000     2812462500  1404509184
20.68632s       11551924000     17327962000     34655924000     2887962000  1442201418
21.414507s       11857923000    17786961500     35573923000     2964461500  1481038863
22.1889257s      12167922000    18251961000     36503922000     3041961000  1521321513
22.7814108s      12481921000    18722960500     37445921000     3120460500  1560556798
23.3830934s      12799920000    19199960000     38399920000     3199960000  1599525513
24.2863828s      13121919000    19682959500     39365919000     3280459500  1640460303
24.8701906s      13447918000    20171959000     40343918000     3361959000  1680220172
25.5700716s      13777917000    20666958500     41333917000     3444458500  1721670493
25.836923s       14111916000    21167958000     42335916000     3527958000  1763517087
26.3471259s      14449915000    21674957500     43349915000     3612457500  1804823099
27.598292s       14791914000    22187957000     44375914000     3697957000  1846898542
28.4782592s      15137913000    22706956500     45413913000     3784456500  1890344206
28.8386124s      15487912000    23231956000     46463912000     3871956000  1933289323
29.8846321s      15841911000    23762955500     47525911000     3960455500  1977991608
30.5408474s      16199910000    24299955000     48599910000     4049955000  2021950536
32.0595064s      16561909000    24842954500     49685909000     4140454500  2068334174
32.1464851s      16927908000    25391954000     50783908000     4231954000  2114754711
32.9188174s      17297907000    25946953500     51893907000     4324453500  2160680456
33.3819633s      17671906000    26507953000     53015906000     4417953000  2208774219
34.5758186s      18049905000    27074952500     54149905000     4512452500  2254671090
35.1828212s      18431904000    27647952000     55295904000     4607952000  2301742898
36.1269086s      18817903000    28226951500     56453903000     4704451500  2350306153
37.4804076s      19207902000    28811951000     57623902000     4801951000  2399480179
38.3347082s      19601901000    29402950500     58805901000     4900450500  2449805761
38.9491117s      19999900000    29999950000     59999900000     4999950000  2498157002
