8.5435ms        499500      749750      1499500         499500      253846
22.5269ms       1999000     2999500     5999000         1999000     1028822
45.9845ms       4498500     6749250     13498500        4498500     2256906
86.801ms        7998000     11999000    23998000        7998000     3995792
136.5025ms      12497500    18748750    37497500        12497500    6275184
217.1726ms      17997000    26998500    53997000        17997000    9006540
294.5749ms      24496500    36748250    73496500        24496500    12384544
379.3362ms      31996000    47998000    95996000        31996000    16171985
480.7508ms      40495500    60747750    121495500       40495500    20314797
599.9076ms      49995000    74997500    149995000       49995000    25077258
703.5957ms      60494500    90747250    181494500       60494500    30257446
882.7226ms      71994000    107997000   215994000       71994000    35914753
1.0479802s      84493500    126746750   253493500       84493500    42330342
1.1920045s      97993000    146996500   293993000       97993000    49097426
1.3803606s      112492500   168746250   337492500       112492500   56488578
1.5809595s      127992000   191996000   383992000       127992000   64187932
1.8522347s      144491500   216745750   433491500       144491500   72391735
2.0913397s      161991000   242995500   485991000       161991000   81059410
2.2571553s      180490500   270745250   541490500       180490500   90339620
2.5615435s      199990000   299995000   599990000       199990000   99909888
2.7449425s      220489500   330744750   661489500       220489500   109881158
3.0993546s      241989000   362994500   725989000       241989000   120363918
3.3892399s      264488500   396744250   793488500       264488500   131877934
3.6273878s      287988000   431994000   863988000       287988000   142985354
4.0075196s      312487500   468743750   937487500       312487500   155021122
4.8130254s      337987000   506993500   1013987000      337987000   167970175
5.3380824s      364486500   546743250   1093486500      364486500   181398280
5.7225145s      391986000   587993000   1175986000      391986000   195323027
6.1465871s      420485500   630742750   1261485500      420485500   208755358
5.8832332s      449985000   674992500   1349985000      449985000   223769055
6.3369182s      480484500   720742250   1441484500      480484500   239079148
6.7870605s      511984000   767992000   1535984000      511984000   255135475
7.2312589s      544483500   816741750   1633483500      544483500   271562858
7.7029782s      577983000   866991500   1733983000      577983000   288403165
8.0919821s      612482500   918741250   1837482500      612482500   305951205
8.6047809s      647982000   971991000   1943982000      647982000   323655348
9.1584213s      684481500   1026740750  2053481500      684481500   341700135
10.7948596s     721981000   1082990500  2165981000      721981000   360439673
11.275097s      760480500   1140740250  2281480500      760480500   379789203
12.1086888s     799980000   1199990000  2399980000      799980000   399173522
11.653796s      840479500   1260739750  2521479500      840479500   420353003
12.0388185s     881979000   1322989500  2645979000      881979000   440741036
13.2790402s     924478500   1386739250  2773478500      924478500   461687842
14.1410751s     967978000   1451989000  2903978000      967978000   483588523
14.7878751s     1012477500  1518738750  3037477500      1012477500  505636790
15.604437s      1057977000  1586988500  3173977000      1057977000  528118548
15.8955573s     1104476500  1656738250  3313476500      1104476500  550918717
15.5280117s     1151976000  1727988000  3455976000      1151976000  574499676
16.2639993s     1200475500  1800737750  3601475500      1200475500  598637959
16.9737173s     1249975000  1874987500  3749975000      1249975000  623370020
17.5909592s     1300474500  1950737250  3901474500      1300474500  648459100
18.4382422s     1351974000  2027987000  4055974000      1351974000  674806770
19.0951334s     1404473500  2106736750  4213473500      1404473500  701660121
19.7964949s     1457973000  2186986500  4373973000      1457973000  728306433
20.7075737s     1512472500  2268736250  4537472500      1512472500  754976500
21.2760672s     1567972000  2351986000  4703972000      1567972000  783136284
22.2693065s     1624471500  2436735750  4873471500      1624471500  810794377
23.1367786s     1681971000  2522985500  5045971000      1681971000  840117497
24.0952315s     1740470500  2610735250  5221470500      1740470500  869177256
24.9232556s     1799970000  2699985000  5399970000      1799970000  899085866
25.6591013s     1860469500  2790734750  5581469500      1860469500  930022134
26.5699272s     1921969000  2882984500  5765969000      1921969000  959626537
27.5183527s     1984468500  2976734250  5953468500      1984468500  991279152
28.5769633s     2047968000  3071984000  6143968000      2047968000  1023477163
29.2203965s     2112467500  3168733750  6337467500      2112467500  1056571096
30.3653419s     2177967000  3266983500  6533967000      2177967000  1089471164
31.3161422s     2244466500  3366733250  6733466500      2244466500  1121553716
32.0570423s     2311966000  3467983000  6935966000      2311966000  1155700331
33.4188799s     2380465500  3570732750  7141465500      2380465500  1190468665
37.1263448s     2449965000  3674982500  7349965000      2449965000  1225348064
37.8683198s     2520464500  3780732250  7561464500      2520464500  1260415125
36.4412888s     2591964000  3887982000  7775964000      2591964000  1296693155
37.6306215s     2664463500  3996731750  7993463500      2664463500  1332913177
39.1441725s     2737963000  4106981500  8213963000      2737963000  1370326067
39.4889565s     2812462500  4218731250  8437462500      2812462500  1407082881
40.7351257s     2887962000  4331981000  8663962000      2887962000  1445537458
41.7351615s     2964461500  4446730750  8893461500      2964461500  1484201273
42.8307239s     3041961000  4562980500  9125961000      3041961000  1523592749
44.0121888s     3120460500  4680730250  9361460500      3120460500  1563251318
44.889903s      3199960000  4799980000  9599960000      3199960000  1603500999
46.0011536s     3280459500  4920729750  9841459500      3280459500  1643015755
47.5259241s     3361959000  5042979500  10085959000     3361959000  1683560669
49.0056139s     3444458500  5166729250  10333458500     3444458500  1724086955
49.5438749s     3527958000  5291979000  10583958000     3527958000  1766495962
51.2741964s     3612457500  5418728750  10837457500     3612457500  1808968183
52.3558259s     3697957000  5546978500  11093957000     3697957000  1851649934
53.5408159s     3784456500  5676728250  11353456500     3784456500  1895685175
55.1431794s     3871956000  5807978000  11615956000     3871956000  1940252160
56.849181s      3960455500  5940727750  11881455500     3960455500  1984111214
57.944723s      4049955000  6074977500  12149955000     4049955000  2028467318
58.8045508s     4140454500  6210727250  12421454500     4140454500  2074166465
1m0.6963481s    4231954000  6347977000  12695954000     4231954000  2120622050
1m1.7749423s    4324453500  6486726750  12973453500     4324453500  2167605643
1m3.3928738s    4417953000  6626976500  13253953000     4417953000  2214145919
1m5.2284803s    4512452500  6768726250  13537452500     4512452500  2262883737
1m5.9805481s    4607952000  6911976000  13823952000     4607952000  2311953076
1m8.1025397s    4704451500  7056725750  14113451500     4704451500  2360485217
1m9.4062684s    4801951000  7202975500  14405951000     4801951000  2408747315
1m11.0298903s   4900450500  7350725250  14701450500     4900450500  2458939447
1m17.6530891s   4999950000  7499975000  14999950000     4999950000  2508020350
