2.6171ms        499500      2997    252997      6000    499500        999
10.6641ms       1999000     5997    1005997     14000   1999000       1999
34.6413ms       4498500     8997    2258997     24000   4498500       2999
60.1528ms       7998000     11997   4011997     32000   7998000       3999
85.3197ms       12497500    14997   6264997     40000   12497500      4999
86.7494ms       17997000    17997   9017997     48000   17997000      5999
127.2475ms      24496500    20997   12270997    56000   24496500      6999
187.9171ms      31996000    23997   16023997    64000   31996000      7999
226.8107ms      40495500    26997   20276997    81000   40495500      8999
286.8346ms      49995000    29997   25029997    90000   49995000      9999
346.8273ms      60494500    32997   30282997    99000   60494500      10999
419.2683ms      71994000    35997   36035997    108000  71994000      11999
490.0944ms      84493500    38997   42288997    117000  84493500      12999
607.7551ms      97993000    41997   49041997    126000  97993000      13999
641.1875ms      112492500   44997   56294997    135000  112492500     14999
837.8973ms      127992000   47997   64047997    144000  127992000     15999
874.5792ms      144491500   50997   72300997    153000  144491500     16999
997.0161ms      161991000   53997   81053997    162000  161991000     17999
1.0452831s      180490500   56997   90306997    171000  180490500     18999
1.1754565s      199990000   59997   100059997   180000  199990000     19999
1.2957358s      220489500   62997   110312997   189000  220489500     20999
1.3988787s      241989000   65997   121065997   198000  241989000     21999
1.5487716s      264488500   68997   132318997   230000  264488500     22999
1.6899912s      287988000   71997   144071997   240000  287988000     23999
1.8384508s      312487500   74997   156324997   250000  312487500     24999
1.9989458s      337987000   77997   169077997   260000  337987000     25999
2.1646069s      364486500   80997   182330997   270000  364486500     26999
2.313131s       391986000   83997   196083997   280000  391986000     27999
2.5043237s      420485500   86997   210336997   290000  420485500     28999
2.7021298s      449985000   89997   225089997   300000  449985000     29999
2.9486511s      480484500   92997   240342997   310000  480484500     30999
3.0902102s      511984000   95997   256095997   320000  511984000     31999
3.2536057s      544483500   98997   272348997   330000  544483500     32999
3.4986085s      577983000   101997  289101997   340000  577983000     33999
3.6855081s      612482500   104997  306354997   350000  612482500     34999
4.497081s       647982000   107997  324107997   360000  647982000     35999
4.1346811s      684481500   110997  342360997   370000  684481500     36999
4.3729795s      721981000   113997  361113997   380000  721981000     37999
4.6284056s      760480500   116997  380366997   390000  760480500     38999
4.9345674s      799980000   119997  400119997   400000  799980000     39999
5.1336733s      840479500   122997  420372997   410000  840479500     40999
5.4136442s      881979000   125997  441125997   420000  881979000     41999
5.6299732s      924478500   128997  462378997   430000  924478500     42999
5.9874456s      967978000   131997  484131997   440000  967978000     43999
6.2449365s      1012477500  134997  506384997   450000  1012477500    44999
6.5071289s      1057977000  137997  529137997   460000  1057977000    45999
6.7571085s      1104476500  140997  552390997   470000  1104476500    46999
7.1211588s      1151976000  143997  576143997   480000  1151976000    47999
7.412427s       1200475500  146997  600396997   490000  1200475500    48999
7.7034972s      1249975000  149997  625149997   500000  1249975000    49999
8.1121493s      1300474500  152997  650402997   510000  1300474500    50999
8.4023547s      1351974000  155997  676155997   520000  1351974000    51999
8.8179464s      1404473500  158997  702408997   530000  1404473500    52999
9.0410793s      1457973000  161997  729161997   540000  1457973000    53999
9.4104281s      1512472500  164997  756414997   550000  1512472500    54999
9.7192558s      1567972000  167997  784167997   560000  1567972000    55999
10.1593726s     1624471500  170997  812420997   570000  1624471500    56999
10.5103592s     1681971000  173997  841173997   580000  1681971000    57999
10.8266298s     1740470500  176997  870426997   590000  1740470500    58999
11.3401233s     1799970000  179997  900179997   660000  1799970000    59999
11.8057361s     1860469500  182997  930432997   671000  1860469500    60999
12.2018255s     1921969000  185997  961185997   682000  1921969000    61999
12.4336367s     1984468500  188997  992438997   693000  1984468500    62999
12.9189686s     2047968000  191997  1024191997  704000  2047968000    63999
13.2050489s     2112467500  194997  1056444997  715000  2112467500    64999
13.5854486s     2177967000  197997  1089197997  726000  2177967000    65999
14.1168234s     2244466500  200997  1122450997  737000  2244466500    66999
14.6256428s     2311966000  203997  1156203997  748000  2311966000    67999
15.1428494s     2380465500  206997  1190456997  759000  2380465500    68999
15.7509358s     2449965000  209997  1225209997  770000  2449965000    69999
15.7746405s     2520464500  212997  1260462997  781000  2520464500    70999
16.4880247s     2591964000  215997  1296215997  792000  2591964000    71999
16.7677275s     2664463500  218997  1332468997  803000  2664463500    72999
17.3703725s     2737963000  221997  1369221997  814000  2737963000    73999
17.7565827s     2812462500  224997  1406474997  825000  2812462500    74999
18.2144876s     2887962000  227997  1444227997  836000  2887962000    75999
18.7413295s     2964461500  230997  1482480997  847000  2964461500    76999
19.3793243s     3041961000  233997  1521233997  858000  3041961000    77999
20.0345696s     3120460500  236997  1560486997  869000  3120460500    78999
20.2134137s     3199960000  239997  1600239997  880000  3199960000    79999
20.9958786s     3280459500  242997  1640492997  891000  3280459500    80999
21.3211047s     3361959000  245997  1681245997  902000  3361959000    81999
22.1138925s     3444458500  248997  1722498997  913000  3444458500    82999
22.2541661s     3527958000  251997  1764251997  924000  3527958000    83999
23.2143958s     3612457500  254997  1806504997  935000  3612457500    84999
23.3967588s     3697957000  257997  1849257997  946000  3697957000    85999
24.0808468s     3784456500  260997  1892510997  957000  3784456500    86999
24.9234648s     3871956000  263997  1936263997  968000  3871956000    87999
25.3624139s     3960455500  266997  1980516997  979000  3960455500    88999
25.9373144s     4049955000  269997  2025269997  990000  4049955000    89999
26.8226287s     4140454500  272997  2070522997  1001000 4140454500    90999
27.1627168s     4231954000  275997  2116275997  1012000 4231954000    91999
27.8637913s     4324453500  278997  2162528997  1023000 4324453500    92999
30.2030076s     4417953000  281997  2209281997  1034000 4417953000    93999
31.5477926s     4512452500  284997  2256534997  1045000 4512452500    94999
29.6161287s     4607952000  287997  2304287997  1056000 4607952000    95999
30.2272294s     4704451500  290997  2352540997  1067000 4704451500    96999
30.9607012s     4801951000  293997  2401293997  1078000 4801951000    97999
31.607897s      4900450500  296997  2450546997  1089000 4900450500    98999
32.4240946s     4999950000  299997  2500299997  1100000 4999950000    99999
