0.002      499500        249361
0.006      1999000       991771
0.013      4498500       2197013
0.019      7998000       3970151
0.031      12497500      6225156
0.042      17997000      9000595
0.065      24496500      12252493
0.085      31996000      16043647
0.109      40495500      20291571
0.138      49995000      24905884
0.171      60494500      30211023
0.213      71994000      35897114
0.253      84493500      42504277
0.311      97993000      49472852
0.328      112492500      56750916
0.408      127992000      64474837
0.469      144491500      72864708
0.508      161991000      81420801
0.565      180490500      90760598
0.666      199990000      100558210
0.699      220489500      110873293
0.883      241989000      121287940
0.839      264488500      132222576
0.944      287988000      144185247
1.059      312487500      156365732
1.063      337987000      168949731
1.158      364486500      182599177
1.287      391986000      196213533
1.388      420485500      210487570
1.738      449985000      224993141
1.602      480484500      240028711
1.763      511984000      256181311
1.944      544483500      272350642
1.882      577983000      289355441
2.229      612482500      306831822
2.059      647982000      324457223
2.509      684481500      342301484
2.793      721981000      361386570
2.451      760480500      380804839
2.636      799980000      400778854
2.802      840479500      420473852
2.85       881979000      441846180
3.1        924478500      463002787
3.288      967978000      484546645
3.343      1012477500      506662744
3.493      1057977000      529211729
3.652      1104476500      551813211
4.047      1151976000      575317752
4.071      1200475500      599638008
4.167      1249975000      624289428
4.546      1300474500      650071734
4.571      1351974000      675675014
4.802      1404473500      701802020
5.032      1457973000      729158168
5.12       1512472500      756306494
5.487      1567972000      783462198
5.472      1624471500      811341861
5.609      1681971000      840534568
5.815      1740470500      868745666
6.01       1799970000      898431129
6.352      1860469500      929060394
6.746      1921969000      959368829
6.744      1984468500      991700659
6.933      2047968000      1021813197
7.232      2112467500      1054329334
7.369      2177967000      1086986726
8.353      2244466500      1120072760
8.052      2311966000      1154591431
8.51       2380465500      1188854334
8.857      2449965000      1223601858
8.847      2520464500      1259251093
9.005      2591964000      1295658285
9.255      2664463500      1330417968
9.964      2737963000      1367942365
9.838      2812462500      1404495287
10.121      2887962000      1442187087
10.908      2964461500      1481024126
10.726      3041961000      1521306382
11.105      3120460500      1560541286
11.718      3199960000      1599509593
11.634      3280459500      1640443978
11.792      3361959000      1680203437
12.665      3444458500      1721653344
12.429      3527958000      1763499492
12.787      3612457500      1804805070
13.466      3697957000      1846880094
13.352      3784456500      1890325342
13.984      3871956000      1933269992
14.188      3960455500      1977971855
14.874      4049955000      2021930305
15.199      4140454500      2068313536
15.021      4231954000      2114733624
15.865      4324453500      2160658865
16.236      4417953000      2208752157
16.06       4512452500      2254648528
16.552      4607952000      2301719843
16.891      4704451500      2350282615
17          4801951000      2399456147
17.855      4900450500      2449781218
18.458      4999950000      2498131957
