0         499500      253846
0.031     1999000     1028822
0.057     4498500     2256906
0.106     7998000     3995792
0.367     12497500     6275184
0.266     17997000     9006540
0.322     24496500     12384544
0.454     31996000     16171985
0,566     40495500     20314797
0,861     49995000     25077258
1,331     60494500     30257446
1,329     71994000     35914753
1,501     84493500     42330342
1,549     97993000     49097426
1,486     112492500     56488578
2,048     127992000     64187932
2,181     144491500     72391735
2,378     161991000     81059410
2,58     180490500     90339620
2,763     199990000     99909888
3,191     220489500     109881158
3,487     241989000     120363918
3,955     264488500     131877934
4,247     287988000     142985354
4,811     312487500     155021122
5,241     337987000     167970175
5,778     364486500     181398280
6,29     391986000     195323027
6,411     420485500     208755358
6,55     449985000     223769055
6,477     480484500     239079148
7,164     511984000     255135475
7,272     544483500     271562858
7,731     577983000     288403165
8,086     612482500     305951205
9,268     647982000     323655348
9,428     684481500     341700135
9,603     721981000     360439673
11,085     760480500     379789203
11,005     799980000     399173522
11,188     840479500     420353003
12,275     881979000     440741036
12,695     924478500     461687842
13,911     967978000     483588523
13,628     1012477500     505636790
14,904     1057977000     528118548
15,48     1104476500     550918717
16,232     1151976000     574499676
17,021     1200475500     598637959
17,548     1249975000     623370020
17,788     1300474500     648459100
18,945     1351974000     674806770
19,204     1404473500     701660121
23,327     1457973000     728306433
22,524     1512472500     754976500
22,359     1567972000     783136284
25,093     1624471500     810794377
26,705     1681971000     840117497
26,94     1740470500     869177256
27,655     1799970000     899085866
33,589     1860469500     930022134
30,197     1921969000     959626537
48,248     1984468500     991279152
32,047     2047968000     1023477163
34,341     2112467500     1056571096
33,376     2177967000     1089471164
35,376     2244466500     1121553716
35,953     2311966000     1155700331
36,58     2380465500     1190468665
38,293     2449965000     1225348064
38,579     2520464500     1260415125
40,044     2591964000     1296693155
41,551     2664463500     1332913177
42,51     2737963000     1370326067
43,28     2812462500     1407082881
46,635     2887962000     1445537458
45,821     2964461500     1484201273
47,917     3041961000     1523592749
48,071     3120460500     1563251318
52,197     3199960000     1603500999
55,565     3280459500     1643015755
55,964     3361959000     1683560669
55,028     3444458500     1724086955
56,656     3527958000     1766495962
57,973     3612457500     1808968183
62,844     3697957000     1851649934
64,414     3784456500     1895685175
64,407     3871956000     1940252160
64,791     3960455500     1984111214
63,47     4049955000     2028467318
74,944     4140454500     2074166465
71,984     4231954000     2120622050
69,377     4324453500     2167605643
72,127     4417953000     2214145919
72,862     4512452500     2262883737
76,145     4607952000     2311953076
74,698     4704451500     2360485217
94,294     4801951000     2408747315
79,95     4900450500     2458939447
80,069     4999950000     2508020350
