0.002     499500     999
0.012     1999000     1999
0.029     4498500     2999
0.045     7998000     3999
0.072     12497500     4999
0.115     17997000     5999
0.148     24496500     6999
0.202     31996000     7999
0.244     40495500     8999
0.315     49995000     9999
0.378     60494500     10999
0.441     71994000     11999
0.575     84493500     12999
0.574     97993000     13999
0.739     112492500     14999
0.832     127992000     15999
0.902     144491500     16999
0.99     161991000     17999
1.115     180490500     18999
1.183     199990000     19999
1.312     220489500     20999
1.576     241989000     21999
1.702     264488500     22999
1.798     287988000     23999
2.188     312487500     24999
2.195     337987000     25999
2.536     364486500     26999
2.459     391986000     27999
2.545     420485500     28999
2.771     449985000     29999
2.906     480484500     30999
3.102     511984000     31999
3.288     544483500     32999
3.455     577983000     33999
4.047     612482500     34999
4.034     647982000     35999
4.141     684481500     36999
4.821     721981000     37999
4.776     760480500     38999
4.968     799980000     39999
5.047     840479500     40999
5.724     881979000     41999
5.712     924478500     42999
6.298     967978000     43999
6.513     1012477500     44999
6.607     1057977000     45999
6.885     1104476500     46999
7.174     1151976000     47999
8.031     1200475500     48999
7.961     1249975000     49999
8.127     1300474500     50999
8.362     1351974000     51999
9.273     1404473500     52999
9.174     1457973000     53999
9.381     1512472500     54999
9.749     1567972000     55999
10.779     1624471500     56999
10.535     1681971000     57999
10.858     1740470500     58999
11.851     1799970000     59999
11.712     1860469500     60999
11.969     1921969000     61999
13.023     1984468500     62999
12.664     2047968000     63999
13.416     2112467500     64999
13.694     2177967000     65999
14.529     2244466500     66999
15.201     2311966000     67999
15.514     2380465500     68999
15.256     2449965000     69999
16.24     2520464500     70999
16.296     2591964000     71999
17.144     2664463500     72999
17.178     2737963000     73999
18.121     2812462500     74999
18.105     2887962000     75999
19.182     2964461500     76999
19.099     3041961000     77999
20.33     3120460500     78999
19.923     3199960000     79999
21.383     3280459500     80999
21.61     3361959000     81999
21.557     3444458500     82999
23.105     3527958000     83999
23.634     3612457500     84999
24.572     3697957000     85999
24.128     3784456500     86999
24.482     3871956000     87999
25.602     3960455500     88999
26.166     4049955000     89999
26.058     4140454500     90999
27.862     4231954000     91999
27.878     4324453500     92999
28.103     4417953000     93999
29.502     4512452500     94999
29.836     4607952000     95999
30.326     4704451500     96999
32.097     4900450500     98999
32.365     4999950000     99999
